-1.1230591359469733 12.625296310896845
-0.20226508332141474 12.409573333514178
-0.5900914584479431 13.395452803707316
0.5788313285965623 12.722571562845715
-1.3990244862614323 13.813641899869824
0.3429114755725644 14.572049833700406
-0.45485612193606334 13.923515504503118
0.8120329395967 13.49214334089735
-1.2213831712030951 13.361247476511524
-0.9049171650928545 12.226224272528162
-0.6657192584340444 13.060473959174596
-0.25983722353088995 11.65351276637039
-0.30810230240263903 13.31629305226543
0.36794207591997313 12.513752452911227
-1.5610314727054335 10.956731565088885
-0.3337877089759648 12.88433862863149
-0.45096600066734605 14.015975398861755
0.869859904975219 15.524548868772142
-1.6217428869996287 11.266835795123745
-1.0195467930955635 12.716457701249887
-0.5383460375030146 18.593410104643432
1.8189146249672659 21.128981426017198
-0.852127544953142 12.796300642729827
-0.10172185325674779 13.576652294704664
-1.9512543999944343 10.03919585992549
-0.5838002916244968 12.502208128936683
0.6404353713885049 13.717667331090404
1.8461294037214195 15.171048815937558
-1.3607356820495489 10.636909473098052
-0.23055518866503674 12.011494549900714
-1.734846461468546 10.518158351736014
0.03109600763215622 13.436808417144997
-0.404255052776518 11.287213106762051
0.6944932373378567 13.867232805418842
-1.3495517090201465 10.681279159448033
-0.5271880003045846 11.67456841391631
-36.65132401234312 -2.740627486461961
-36.3998063063055 -1.871857326151017
-46.300399166146825 -2.1385328569656696
-45.04970673105831 -1.1317303857712218
-38.512398600855654 -5.419210050542403
-38.229438968225935 -4.9353357513542875
-37.45620763692681 -4.160378412520089
-36.7743852168804 -3.947596886053058
-34.9385241377466 -3.6846518663221297
-34.14582556877973 -2.7933581611618963
-39.95896878469376 -1.382409590293943
-42.55421542324884 -1.5827791680204755
-33.01999201355914 -2.0155021058731943
-34.682554711293555 -1.4787929207294794
-37.773252643870855 -2.1645826160486834
-45.19848746201729 -3.069529638341149
-45.5205720527031 -1.5616094745641473
-47.09156290720269 -1.4625089766738235
-43.29170330418407 -2.1417682622330267
-47.47588408261806 -2.6302514283080813
-31.170640647110147 -2.349542694111863
-32.90749905436781 -0.7824960232961548
-33.232749205921166 -1.9037720545042744
-34.74867733279846 -1.2947591380853443
-18.602639730307974 37.143011181416405
-18.13401168007989 36.934527407439184
-16.652749279786157 32.517781982507586
-16.396755667557432 32.37517244894931
-14.504416559856015 28.182573505946173
-14.208119735525438 26.848298860970125
-16.186033240765752 30.11270057882633
-15.990302310779208 29.354460093464365
-17.391954348973737 34.34377914795507
-17.99033470669314 35.63399871169959
-19.720567619488463 42.38325138779988
-20.91486534385589 44.457225975849084
-20.739479677860242 42.33123938068369
-20.535521180300798 42.86059680024544
-15.20484163374178 29.964242030896507
-14.925768631274707 29.336071704330234
-17.970429840944192 36.55910014436159
-17.63066652577071 36.40958525164757
-18.507582590862366 39.31769253708985
-17.797744749598692 39.24451511730237
-17.483379960583513 37.91254112606377
-17.599208345124264 38.36343116842038
-14.330861751062532 30.112423354461516
-14.371827307703791 30.510419345435572
-15.350074582468817 31.768471315047464
-14.75476275888626 31.07607353412434
-16.212467409951532 33.111068782364804
-16.828742914119555 34.783383246385156
-13.364706042823213 26.690946245359708
-13.465445749805513 26.30039178319047
-18.266785828461913 38.25122176758103
-18.16782977453349 38.94973320211147
-13.843085889036622 28.604194116704775
-13.257969261033162 28.17899779341522
-13.828585675942337 29.3333269241783
-12.384653426629338 27.741491571335853
-13.66612352615449 27.952010077853213
-12.304790640025077 26.564779350486436
-11.422916480006476 24.810602054443354
-12.74017275386911 27.098621412186233
-10.573848416009321 -19.87413699447588
-11.207672824849858 -19.39774112517514
-11.307851422450646 -20.815038046126748
-11.691556816171378 -20.364370054028633
-10.398216351463677 -19.305612071290344
-11.230210353884527 -18.98655753784883
-9.83827056105699 -18.230091057912627
-9.01505865292186 -16.731176595298706
-7.403878455801637 -16.072376134247122
-8.42637343126471 -16.328857360805415
-9.420046139164876 -16.9931131651631
-9.70744604417804 -17.339058722030913
-8.427459831558345 -15.737239222886263
-12.677872696468395 -19.224452095028827
-8.459591913628811 -15.862402449421818
-9.362015624520714 -15.849645596971623
-7.62711071991184 -15.581451201525361
-8.818892992353907 -17.00552337860419
-8.015602411264705 -15.88861663701628
-8.6863114078876 -16.277863688383658
-8.646962906043402 -16.34569718500129
-11.558098375645828 -18.93014726633165
-7.262937355338459 -14.784227407341808
-9.41522937652327 -16.7357284911274
-8.656819789096552 -15.117473519013583
-9.835897586809027 -16.083535547054716
-9.237325179335159 -15.711649789776384
-8.598620520180623 -13.93961524613427
-9.760965413268007 -15.803666491660875
-9.036654569922527 -14.705107860473325
-13.934429397797324 30.787490652338903
-12.359515480405433 29.558903934952156
-16.082879086132483 43.124049251587664
-15.749202378517777 43.70377361192288
-15.220347836386495 44.31930561366426
-15.205745196046973 44.53387177729902
-15.811338850298048 44.23716436132239
-15.924757637728904 43.376314938603926
-14.662654844652991 35.94832973255616
-13.983273826660307 36.17431262615113
-14.345891126422552 30.31085341357402
-12.721816154838297 30.56542933489175
-14.140814064721692 33.061865766961915
-13.26539559087121 31.001523546255957
-15.37030107489792 27.13691317551052
-11.893515991619402 26.98451414774856
-13.789558556642492 31.560630296817163
-12.787282360171496 30.662783606792065
-14.023536929010675 30.742231215638736
-13.076551681522547 27.868831227493576
-14.378409624224329 31.598440037481822
-13.885185380857905 30.46098478830348
-14.049862551645601 33.28693222166166
-13.812529547528433 31.580724019365213
-12.31907185903016 34.205033940208295
-12.41110809906079 36.9719257711503
-13.294725689743142 38.75092122801827
-13.478961024107004 39.292091077216305
-12.640848295110114 34.860543084767635
-14.45528278795418 37.409178802460026
-13.580688502801477 35.88770332613885
-14.349081925476318 37.30883930562789
-14.199658169691658 38.473090455717575
-14.282043682771153 38.5208036828425
-15.073442640746897 38.6346550394501
-13.483283399146734 38.35641922382148
-13.1210129803896 38.99223459696907
-13.292405649996697 38.84430172356224
-13.425621957964301 33.13614461079802
-11.945934319003033 34.40402793740586
-12.74502843895156 31.65951601251471
-12.312711453275133 32.89049304492148
-12.305136336205756 29.601189514191933
-11.401398323162452 30.381318836807395
-21.712546795389965 27.004164244956055
-10.95493022374376 24.914353718725103
-12.254841412590915 36.11658600275475
-13.876821203474078 38.20312414203901
-12.979154945342252 33.20646893361035
-11.877347427078888 34.404429005903296
-11.215200212903408 26.177232951115673
-11.880882928277467 29.68430908955746
-10.788539459297262 25.78639634852146
-12.08453890286146 28.69158293080607
-10.144917887392022 22.91388280201792
-11.25495512511161 26.743138862965168
-10.081818526683907 24.450909729587927
-10.806725650973393 27.969026414548996
-9.825326382183011 23.15330196354939
-10.173307342597075 26.400391827381917
-10.646263402532256 27.431937537244362
-10.538562045392222 28.649458963064557
-10.355298774163654 25.92741938111481
-10.093579345486916 27.271326448263395
-10.16653907281565 26.888941691593814
-10.523112823216852 28.115078571423354
-10.203724311156881 26.622128918457815
-8.912994621814628 25.186335726458587
-10.869377521592487 27.31578666234579
-10.42358792332871 27.255958669795486
-11.791053746791116 29.558643351232174
-11.091593304275246 30.506547578976683
